serie,ano,regiao,tipo_localizacao,tipo_escola,percentual_aprovacao,percentual_reprovacao,percentual_abandono
EF1,2015,N,T,TO,88.9,8.8,2.3
EF1,2015,N,T,PU,88.1,9.5,2.4
EF1,2015,N,T,FE,96.4,3.5,0.1
EF1,2015,N,T,ES,90.6,7.3,2.1
EF1,2015,N,T,MU,87.5,10.0,2.5
EF1,2015,N,T,PR,98.3,1.4,0.3
EF1,2015,N,U,TO,91.3,7.1,1.6
EF1,2015,N,U,PU,90.4,7.9,1.7
EF1,2015,N,U,FE,96.4,3.5,0.1
EF1,2015,N,U,ES,91.4,6.8,1.8
EF1,2015,N,U,MU,90.1,8.2,1.7
EF1,2015,N,U,PR,98.4,1.3,0.3
EF1,2015,N,R,TO,83.6,12.6,3.8
EF1,2015,N,R,PU,83.5,12.6,3.9
EF1,2015,N,R,FE,,,
EF1,2015,N,R,ES,85.8,10.2,4.0
EF1,2015,N,R,MU,83.3,12.8,3.9
EF1,2015,N,R,PR,89.6,9.3,1.1
EF1,2015,NE,T,TO,90.3,8.0,1.7
EF1,2015,NE,T,PU,88.6,9.4,2.0
EF1,2015,NE,T,FE,99.0,0.7,0.3
EF1,2015,NE,T,ES,85.5,11.4,3.1
EF1,2015,NE,T,MU,88.7,9.3,2.0
EF1,2015,NE,T,PR,97.6,2.0,0.4
EF1,2015,NE,U,TO,91.0,7.3,1.7
EF1,2015,NE,U,PU,88.7,9.2,2.1
EF1,2015,NE,U,FE,99.2,0.4,0.4
EF1,2015,NE,U,ES,86.1,11.1,2.8
EF1,2015,NE,U,MU,88.8,9.1,2.1
EF1,2015,NE,U,PR,97.6,2.0,0.4
EF1,2015,NE,R,TO,88.4,9.6,2.0
EF1,2015,NE,R,PU,88.4,9.7,1.9
EF1,2015,NE,R,FE,98.1,1.9,0.0
EF1,2015,NE,R,ES,82.6,12.7,4.7
EF1,2015,NE,R,MU,88.5,9.6,1.9
EF1,2015,NE,R,PR,96.2,3.2,0.6
EF1,2015,SE,T,TO,96.1,3.5,0.4
EF1,2015,SE,T,PU,95.6,4.0,0.4
EF1,2015,SE,T,FE,96.1,3.9,0.0
EF1,2015,SE,T,ES,98.5,1.3,0.2
EF1,2015,SE,T,MU,94.7,4.8,0.5
EF1,2015,SE,T,PR,98.1,1.8,0.1
EF1,2015,SE,U,TO,96.2,3.4,0.4
EF1,2015,SE,U,PU,95.7,3.9,0.4
EF1,2015,SE,U,FE,96.1,3.9,0.0
EF1,2015,SE,U,ES,98.5,1.2,0.3
EF1,2015,SE,U,MU,94.8,4.7,0.5
EF1,2015,SE,U,PR,98.1,1.8,0.1
EF1,2015,SE,R,TO,94.4,5.2,0.4
EF1,2015,SE,R,PU,94.4,5.2,0.4
EF1,2015,SE,R,FE,,,
EF1,2015,SE,R,ES,97.6,2.0,0.4
EF1,2015,SE,R,MU,94.0,5.6,0.4
EF1,2015,SE,R,PR,96.4,3.5,0.1
EF1,2015,S,T,TO,94.5,5.3,0.2
EF1,2015,S,T,PU,93.8,5.9,0.3
EF1,2015,S,T,FE,96.9,2.9,0.2
EF1,2015,S,T,ES,92.5,7.2,0.3
EF1,2015,S,T,MU,94.2,5.5,0.3
EF1,2015,S,T,PR,98.7,1.3,0.0
EF1,2015,S,U,TO,94.5,5.2,0.3
EF1,2015,S,U,PU,93.8,5.9,0.3
EF1,2015,S,U,FE,96.9,2.9,0.2
EF1,2015,S,U,ES,92.4,7.3,0.3
EF1,2015,S,U,MU,94.2,5.5,0.3
EF1,2015,S,U,PR,98.7,1.3,0.0
EF1,2015,S,R,TO,94.2,5.5,0.3
EF1,2015,S,R,PU,94.2,5.5,0.3
EF1,2015,S,R,FE,,,
EF1,2015,S,R,ES,92.9,6.5,0.6
EF1,2015,S,R,MU,94.5,5.3,0.2
EF1,2015,S,R,PR,96.4,3.4,0.2
EF1,2015,CO,T,TO,94.8,4.7,0.5
EF1,2015,CO,T,PU,93.9,5.5,0.6
EF1,2015,CO,T,FE,92.3,7.7,0.0
EF1,2015,CO,T,ES,93.9,5.7,0.4
EF1,2015,CO,T,MU,93.9,5.5,0.6
EF1,2015,CO,T,PR,99.0,0.9,0.1
EF1,2015,CO,U,TO,95.1,4.5,0.4
EF1,2015,CO,U,PU,94.1,5.4,0.5
EF1,2015,CO,U,FE,92.3,7.7,0.0
EF1,2015,CO,U,ES,93.9,5.7,0.4
EF1,2015,CO,U,MU,94.2,5.2,0.6
EF1,2015,CO,U,PR,99.0,0.8,0.2
EF1,2015,CO,R,TO,92.1,6.9,1.0
EF1,2015,CO,R,PU,92.1,6.9,1.0
EF1,2015,CO,R,FE,,,
EF1,2015,CO,R,ES,94.2,5.3,0.5
EF1,2015,CO,R,MU,91.4,7.4,1.2
EF1,2015,CO,R,PR,96.6,2.6,0.8
EF2,2015,N,T,TO,82.6,11.7,5.7
EF2,2015,N,T,PU,81.6,12.3,6.1
EF2,2015,N,T,FE,89.0,11.0,0.0
EF2,2015,N,T,ES,81.9,12.5,5.6
EF2,2015,N,T,MU,81.2,12.2,6.6
EF2,2015,N,T,PR,95.7,4.1,0.2
EF2,2015,N,U,TO,83.2,12.0,4.8
EF2,2015,N,U,PU,81.8,12.9,5.3
EF2,2015,N,U,FE,89.0,11.0,0.0
EF2,2015,N,U,ES,81.8,12.8,5.4
EF2,2015,N,U,MU,81.8,13.0,5.2
EF2,2015,N,U,PR,95.8,4.0,0.2
EF2,2015,N,R,TO,80.9,10.8,8.3
EF2,2015,N,R,PU,80.8,10.8,8.4
EF2,2015,N,R,FE,,,
EF2,2015,N,R,ES,82.2,10.2,7.6
EF2,2015,N,R,MU,80.5,11.0,8.5
EF2,2015,N,R,PR,89.0,9.5,1.5
EF2,2015,NE,T,TO,81.0,14.0,5.0
EF2,2015,NE,T,PU,78.9,15.4,5.7
EF2,2015,NE,T,FE,95.6,4.4,0.0
EF2,2015,NE,T,ES,75.5,18.9,5.6
EF2,2015,NE,T,MU,80.0,14.4,5.6
EF2,2015,NE,T,PR,94.4,5.2,0.4
EF2,2015,NE,U,TO,81.0,14.3,4.7
EF2,2015,NE,U,PU,78.1,16.2,5.7
EF2,2015,NE,U,FE,95.7,4.3,0.0
EF2,2015,NE,U,ES,75.5,19.1,5.4
EF2,2015,NE,U,MU,79.2,15.0,5.8
EF2,2015,NE,U,PR,94.4,5.2,0.4
EF2,2015,NE,R,TO,81.4,13.0,5.6
EF2,2015,NE,R,PU,81.3,13.0,5.7
EF2,2015,NE,R,FE,89.8,10.2,0.0
EF2,2015,NE,R,ES,75.9,15.5,8.6
EF2,2015,NE,R,MU,81.6,12.9,5.5
EF2,2015,NE,R,PR,91.8,7.2,1.0
EF2,2015,SE,T,TO,89.6,8.6,1.8
EF2,2015,SE,T,PU,88.4,9.5,2.1
EF2,2015,SE,T,FE,91.2,8.7,0.1
EF2,2015,SE,T,ES,89.5,8.4,2.1
EF2,2015,SE,T,MU,86.4,11.5,2.1
EF2,2015,SE,T,PR,95.4,4.5,0.1
EF2,2015,SE,U,TO,89.6,8.6,1.8
EF2,2015,SE,U,PU,88.3,9.5,2.2
EF2,2015,SE,U,FE,91.2,8.7,0.1
EF2,2015,SE,U,ES,89.5,8.4,2.1
EF2,2015,SE,U,MU,86.3,11.5,2.2
EF2,2015,SE,U,PR,95.4,4.5,0.1
EF2,2015,SE,R,TO,88.8,9.3,1.9
EF2,2015,SE,R,PU,88.6,9.4,2.0
EF2,2015,SE,R,FE,,,
EF2,2015,SE,R,ES,90.5,7.6,1.9
EF2,2015,SE,R,MU,87.5,10.6,1.9
EF2,2015,SE,R,PR,94.0,5.6,0.4
EF2,2015,S,T,TO,85.3,12.6,2.1
EF2,2015,S,T,PU,84.0,13.8,2.2
EF2,2015,S,T,FE,94.8,5.2,0.0
EF2,2015,S,T,ES,83.4,14.1,2.5
EF2,2015,S,T,MU,85.3,13.0,1.7
EF2,2015,S,T,PR,96.4,3.5,0.1
EF2,2015,S,U,TO,85.1,12.8,2.1
EF2,2015,S,U,PU,83.6,14.1,2.3
EF2,2015,S,U,FE,94.8,5.2,0.0
EF2,2015,S,U,ES,83.1,14.4,2.5
EF2,2015,S,U,MU,85.0,13.3,1.7
EF2,2015,S,U,PR,96.4,3.5,0.1
EF2,2015,S,R,TO,87.6,10.2,2.2
EF2,2015,S,R,PU,87.6,10.2,2.2
EF2,2015,S,R,FE,,,
EF2,2015,S,R,ES,87.8,9.7,2.5
EF2,2015,S,R,MU,87.3,10.9,1.8
EF2,2015,S,R,PR,91.8,7.9,0.3
EF2,2015,CO,T,TO,88.7,9.1,2.2
EF2,2015,CO,T,PU,87.2,10.2,2.6
EF2,2015,CO,T,FE,96.9,3.1,0.0
EF2,2015,CO,T,ES,86.6,10.6,2.8
EF2,2015,CO,T,MU,88.6,9.2,2.2
EF2,2015,CO,T,PR,96.5,3.4,0.1
EF2,2015,CO,U,TO,88.7,9.1,2.2
EF2,2015,CO,U,PU,87.1,10.3,2.6
EF2,2015,CO,U,FE,96.9,3.1,0.0
EF2,2015,CO,U,ES,86.5,10.7,2.8
EF2,2015,CO,U,MU,88.7,9.3,2.0
EF2,2015,CO,U,PR,96.4,3.4,0.2
EF2,2015,CO,R,TO,88.4,8.6,3.0
EF2,2015,CO,R,PU,88.2,8.8,3.0
EF2,2015,CO,R,FE,,,
EF2,2015,CO,R,ES,88.4,8.8,2.8
EF2,2015,CO,R,MU,88.1,8.8,3.1
EF2,2015,CO,R,PR,98.8,1.1,0.1
EM,2015,N,T,TO,77.1,9.7,13.2
EM,2015,N,T,PU,75.7,10.2,14.1
EM,2015,N,T,FE,84.2,12.4,3.4
EM,2015,N,T,ES,75.5,10.1,14.4
EM,2015,N,T,MU,84.9,8.2,6.9
EM,2015,N,T,PR,94.4,4.5,1.1
EM,2015,N,U,TO,76.8,10.0,13.2
EM,2015,N,U,PU,75.2,10.5,14.3
EM,2015,N,U,FE,83.6,12.7,3.7
EM,2015,N,U,ES,75.0,10.5,14.5
EM,2015,N,U,MU,82.6,9.3,8.1
EM,2015,N,U,PR,94.5,4.6,0.9
EM,2015,N,R,TO,79.6,6.9,13.5
EM,2015,N,R,PU,79.3,7.1,13.6
EM,2015,N,R,FE,87.2,10.9,1.9
EM,2015,N,R,ES,79.0,6.9,14.1
EM,2015,N,R,MU,92.3,4.8,2.9
EM,2015,N,R,PR,91.0,2.9,6.1
EM,2015,NE,T,TO,80.5,11.5,8.0
EM,2015,NE,T,PU,78.8,12.2,9.0
EM,2015,NE,T,FE,82.4,14.0,3.6
EM,2015,NE,T,ES,78.7,12.2,9.1
EM,2015,NE,T,MU,79.4,7.3,13.3
EM,2015,NE,T,PR,93.9,5.4,0.7
EM,2015,NE,U,TO,80.4,11.7,7.9
EM,2015,NE,U,PU,78.7,12.5,8.8
EM,2015,NE,U,FE,81.7,14.7,3.6
EM,2015,NE,U,ES,78.6,12.4,9.0
EM,2015,NE,U,MU,78.3,7.4,14.3
EM,2015,NE,U,PR,94.0,5.4,0.6
EM,2015,NE,R,TO,81.7,8.8,9.5
EM,2015,NE,R,PU,81.4,9.0,9.6
EM,2015,NE,R,FE,86.9,9.4,3.7
EM,2015,NE,R,ES,81.2,9.0,9.8
EM,2015,NE,R,MU,80.5,7.3,12.2
EM,2015,NE,R,PR,91.2,4.4,4.4
EM,2015,SE,T,TO,84.9,10.9,4.2
EM,2015,SE,T,PU,83.2,12.0,4.8
EM,2015,SE,T,FE,86.4,11.9,1.7
EM,2015,SE,T,ES,83.1,12.0,4.9
EM,2015,SE,T,MU,87.6,9.8,2.6
EM,2015,SE,T,PR,94.5,5.3,0.2
EM,2015,SE,U,TO,84.8,11.0,4.2
EM,2015,SE,U,PU,83.1,12.1,4.8
EM,2015,SE,U,FE,86.6,12.0,1.4
EM,2015,SE,U,ES,83.0,12.1,4.9
EM,2015,SE,U,MU,87.6,9.8,2.6
EM,2015,SE,U,PR,94.5,5.3,0.2
EM,2015,SE,R,TO,90.1,6.5,3.4
EM,2015,SE,R,PU,89.9,6.6,3.5
EM,2015,SE,R,FE,85.3,11.2,3.5
EM,2015,SE,R,ES,90.5,6.0,3.5
EM,2015,SE,R,MU,88.2,6.2,5.6
EM,2015,SE,R,PR,94.2,4.2,1.6
EM,2015,S,T,TO,79.0,13.6,7.4
EM,2015,S,T,PU,76.6,14.9,8.5
EM,2015,S,T,FE,86.4,11.0,2.6
EM,2015,S,T,ES,76.4,15.0,8.6
EM,2015,S,T,MU,71.4,17.3,11.3
EM,2015,S,T,PR,95.0,4.7,0.3
EM,2015,S,U,TO,78.8,13.7,7.5
EM,2015,S,U,PU,76.3,15.1,8.6
EM,2015,S,U,FE,86.3,10.9,2.8
EM,2015,S,U,ES,76.1,15.2,8.7
EM,2015,S,U,MU,69.5,18.8,11.7
EM,2015,S,U,PR,95.0,4.7,0.3
EM,2015,S,R,TO,84.8,9.3,5.9
EM,2015,S,R,PU,84.5,9.5,6.0
EM,2015,S,R,FE,86.8,11.5,1.7
EM,2015,S,R,ES,84.3,9.4,6.3
EM,2015,S,R,MU,85.2,6.8,8.0
EM,2015,S,R,PR,93.8,5.1,1.1
EM,2015,CO,T,TO,79.2,12.9,7.9
EM,2015,CO,T,PU,76.4,14.3,9.3
EM,2015,CO,T,FE,88.3,9.9,1.8
EM,2015,CO,T,ES,76.1,14.4,9.5
EM,2015,CO,T,MU,92.6,5.6,1.8
EM,2015,CO,T,PR,95.0,4.6,0.4
EM,2015,CO,U,TO,79.2,12.9,7.9
EM,2015,CO,U,PU,76.4,14.4,9.2
EM,2015,CO,U,FE,88.9,9.5,1.6
EM,2015,CO,U,ES,76.1,14.5,9.4
EM,2015,CO,U,MU,90.9,6.9,2.2
EM,2015,CO,U,PR,95.0,4.7,0.3
EM,2015,CO,R,TO,78.4,12.0,9.6
EM,2015,CO,R,PU,77.5,12.5,10.0
EM,2015,CO,R,FE,86.4,11.0,2.6
EM,2015,CO,R,ES,76.1,12.8,11.1
EM,2015,CO,R,MU,95.2,3.4,1.4
EM,2015,CO,R,PR,96.3,2.8,0.9
EF1,2014,N,T,TO,88.7,8.9,2.4
EF1,2014,N,T,PU,87.9,9.5,2.6
EF1,2014,N,T,PR,98.3,1.4,0.3
EF1,2014,N,T,MU,87.4,9.9,2.7
EF1,2014,N,T,FE,95.4,4.3,0.3
EF1,2014,N,T,ES,90.1,7.9,2
EF1,2014,N,R,TO,84,12,4
EF1,2014,N,R,PU,84,12,4
EF1,2014,N,R,PR,89,10.2,0.8
EF1,2014,N,R,MU,83.9,12.1,4
EF1,2014,N,R,FE,,,
EF1,2014,N,R,ES,85.2,11.1,3.7
EF1,2014,N,U,TO,90.9,7.4,1.7
EF1,2014,N,U,PU,89.9,8.2,1.9
EF1,2014,N,U,PR,98.4,1.3,0.3
EF1,2014,N,U,MU,89.6,8.5,1.9
EF1,2014,N,U,FE,95.4,4.3,0.3
EF1,2014,N,U,ES,91,7.3,1.7
EF1,2014,NE,T,TO,89.6,8.5,1.9
EF1,2014,NE,T,PU,87.8,9.9,2.3
EF1,2014,NE,T,PR,97.3,2.2,0.5
EF1,2014,NE,T,MU,87.9,9.8,2.3
EF1,2014,NE,T,FE,98.8,0.8,0.4
EF1,2014,NE,T,ES,85.5,11.5,3
EF1,2014,NE,R,TO,88,9.9,2.1
EF1,2014,NE,R,PU,88,9.9,2.1
EF1,2014,NE,R,PR,95.2,4.4,0.4
EF1,2014,NE,R,MU,88.1,9.8,2.1
EF1,2014,NE,R,FE,96.7,3.3,0
EF1,2014,NE,R,ES,82,13.9,4.1
EF1,2014,NE,U,TO,90.2,7.9,1.9
EF1,2014,NE,U,PU,87.7,9.9,2.4
EF1,2014,NE,U,PR,97.4,2.2,0.4
EF1,2014,NE,U,MU,87.8,9.8,2.4
EF1,2014,NE,U,FE,99.5,0,0.5
EF1,2014,NE,U,ES,86.2,11,2.8
EF1,2014,SE,T,TO,95.7,3.9,0.4
EF1,2014,SE,T,PU,95.2,4.4,0.4
EF1,2014,SE,T,PR,97.9,2,0.1
EF1,2014,SE,T,MU,94.2,5.3,0.5
EF1,2014,SE,T,FE,96.6,3.3,0.1
EF1,2014,SE,T,ES,98.4,1.3,0.3
EF1,2014,SE,R,TO,94,5.6,0.4
EF1,2014,SE,R,PU,94,5.6,0.4
EF1,2014,SE,R,PR,95.7,4.2,0.1
EF1,2014,SE,R,MU,93.6,6,0.4
EF1,2014,SE,R,FE,,,
EF1,2014,SE,R,ES,97.9,1.7,0.4
EF1,2014,SE,U,TO,95.8,3.8,0.4
EF1,2014,SE,U,PU,95.3,4.3,0.4
EF1,2014,SE,U,PR,97.9,2,0.1
EF1,2014,SE,U,MU,94.2,5.2,0.6
EF1,2014,SE,U,FE,96.6,3.3,0.1
EF1,2014,SE,U,ES,98.4,1.3,0.3
EF1,2014,S,T,TO,94.3,5.4,0.3
EF1,2014,S,T,PU,93.7,6,0.3
EF1,2014,S,T,PR,98.5,1.5,0
EF1,2014,S,T,MU,93.9,5.8,0.3
EF1,2014,S,T,FE,97.6,2,0.4
EF1,2014,S,T,ES,93,6.6,0.4
EF1,2014,S,R,TO,94.3,5.3,0.4
EF1,2014,S,R,PU,94.3,5.3,0.4
EF1,2014,S,R,PR,97,2.4,0.6
EF1,2014,S,R,MU,94.5,5.3,0.2
EF1,2014,S,R,FE,,,
EF1,2014,S,R,ES,93.7,5.6,0.7
EF1,2014,S,U,TO,94.3,5.4,0.3
EF1,2014,S,U,PU,93.6,6.1,0.3
EF1,2014,S,U,PR,98.5,1.5,0
EF1,2014,S,U,MU,93.9,5.9,0.2
EF1,2014,S,U,FE,97.6,2,0.4
EF1,2014,S,U,ES,92.9,6.7,0.4
EF1,2014,CO,T,TO,94.3,5.1,0.6
EF1,2014,CO,T,PU,93.4,6,0.6
EF1,2014,CO,T,PR,98.8,1,0.2
EF1,2014,CO,T,MU,93.3,6,0.7
EF1,2014,CO,T,FE,90.4,9.6,0
EF1,2014,CO,T,ES,93.6,6,0.4
EF1,2014,CO,R,TO,91.6,7.2,1.2
EF1,2014,CO,R,PU,91.5,7.3,1.2
EF1,2014,CO,R,PR,98,2,0
EF1,2014,CO,R,MU,90.7,7.9,1.4
EF1,2014,CO,R,FE,,,
EF1,2014,CO,R,ES,94.1,5.4,0.5
EF1,2014,CO,U,TO,94.6,4.9,0.5
EF1,2014,CO,U,PU,93.6,5.8,0.6
EF1,2014,CO,U,PR,98.9,1,0.1
EF1,2014,CO,U,MU,93.6,5.7,0.7
EF1,2014,CO,U,FE,90.4,9.6,0
EF1,2014,CO,U,ES,93.5,6.1,0.4
EF2,2014,N,T,TO,81.6,12.6,5.8
EF2,2014,N,T,PU,80.5,13.2,6.3
EF2,2014,N,T,PR,95.1,4.6,0.3
EF2,2014,N,T,MU,80.8,12.3,6.9
EF2,2014,N,T,FE,86.7,13.2,0.1
EF2,2014,N,T,ES,80.2,14.1,5.7
EF2,2014,N,R,TO,81.8,10,8.2
EF2,2014,N,R,PU,81.7,10.1,8.2
EF2,2014,N,R,PR,90.7,7.1,2.2
EF2,2014,N,R,MU,81.7,9.9,8.4
EF2,2014,N,R,FE,,,
EF2,2014,N,R,ES,82,10.7,7.3
EF2,2014,N,U,TO,81.6,13.4,5
EF2,2014,N,U,PU,80.1,14.4,5.5
EF2,2014,N,U,PR,95.2,4.6,0.2
EF2,2014,N,U,MU,80.3,14,5.7
EF2,2014,N,U,FE,86.7,13.2,0.1
EF2,2014,N,U,ES,80,14.6,5.4
EF2,2014,NE,T,TO,79.7,14.8,5.5
EF2,2014,NE,T,PU,77.5,16.2,6.3
EF2,2014,NE,T,PR,93.8,5.8,0.4
EF2,2014,NE,T,MU,78.4,15.2,6.4
EF2,2014,NE,T,FE,90.3,9.7,0
EF2,2014,NE,T,ES,74.6,19.1,6.3
EF2,2014,NE,R,TO,80.5,13.4,6.1
EF2,2014,NE,R,PU,80.4,13.5,6.1
EF2,2014,NE,R,PR,92,6.2,1.8
EF2,2014,NE,R,MU,80.5,13.4,6.1
EF2,2014,NE,R,FE,95.7,4.3,0
EF2,2014,NE,R,ES,78.5,15,6.5
EF2,2014,NE,U,TO,79.5,15.1,5.4
EF2,2014,NE,U,PU,76.5,17,6.5
EF2,2014,NE,U,PR,93.9,5.7,0.4
EF2,2014,NE,U,MU,77.5,16,6.5
EF2,2014,NE,U,FE,90.2,9.8,0
EF2,2014,NE,U,ES,74.4,19.3,6.3
EF2,2014,SE,T,TO,89.1,8.9,2
EF2,2014,SE,T,PU,87.9,9.6,2.5
EF2,2014,SE,T,PR,94.8,5.1,0.1
EF2,2014,SE,T,MU,85.3,12.4,2.3
EF2,2014,SE,T,FE,90.3,9.6,0.1
EF2,2014,SE,T,ES,89.4,8.1,2.5
EF2,2014,SE,R,TO,88.8,9.1,2.1
EF2,2014,SE,R,PU,88.7,9.2,2.1
EF2,2014,SE,R,PR,92,6.9,1.1
EF2,2014,SE,R,MU,87.4,10.5,2.1
EF2,2014,SE,R,FE,,,
EF2,2014,SE,R,ES,90.7,7.2,2.1
EF2,2014,SE,U,TO,89.1,8.9,2
EF2,2014,SE,U,PU,87.9,9.7,2.4
EF2,2014,SE,U,PR,94.8,5.1,0.1
EF2,2014,SE,U,MU,85.1,12.5,2.4
EF2,2014,SE,U,FE,90.3,9.6,0.1
EF2,2014,SE,U,ES,89.4,8.1,2.5
EF2,2014,S,T,TO,84.2,13.6,2.2
EF2,2014,S,T,PU,82.8,14.7,2.5
EF2,2014,S,T,PR,95.9,4.1,0
EF2,2014,S,T,MU,84.4,13.7,1.9
EF2,2014,S,T,FE,92.6,7.4,0
EF2,2014,S,T,ES,82.2,15.1,2.7
EF2,2014,S,R,TO,87.8,10,2.2
EF2,2014,S,R,PU,87.8,10,2.2
EF2,2014,S,R,PR,91.6,8.1,0.3
EF2,2014,S,R,MU,87.2,11.1,1.7
EF2,2014,S,R,FE,,,
EF2,2014,S,R,ES,88.3,9.1,2.6
EF2,2014,S,U,TO,83.9,13.8,2.3
EF2,2014,S,U,PU,82.4,15.1,2.5
EF2,2014,S,U,PR,95.9,4,0.1
EF2,2014,S,U,MU,84,14.1,1.9
EF2,2014,S,U,FE,92.6,7.4,0
EF2,2014,S,U,ES,81.7,15.5,2.8
EF2,2014,CO,T,TO,88,9.6,2.4
EF2,2014,CO,T,PU,86.5,10.6,2.9
EF2,2014,CO,T,PR,95.8,4,0.2
EF2,2014,CO,T,MU,88.3,9.1,2.6
EF2,2014,CO,T,FE,91.6,8.3,0.1
EF2,2014,CO,T,ES,85.8,11.3,2.9
EF2,2014,CO,R,TO,88.4,8.2,3.4
EF2,2014,CO,R,PU,88.2,8.3,3.5
EF2,2014,CO,R,PR,97.8,2.2,0
EF2,2014,CO,R,MU,87.5,8.5,4
EF2,2014,CO,R,FE,,,
EF2,2014,CO,R,ES,89.4,8,2.6
EF2,2014,CO,U,TO,88,9.7,2.3
EF2,2014,CO,U,PU,86.4,10.9,2.7
EF2,2014,CO,U,PR,95.8,4,0.2
EF2,2014,CO,U,MU,88.4,9.3,2.3
EF2,2014,CO,U,FE,91.6,8.3,0.1
EF2,2014,CO,U,ES,85.6,11.5,2.9
EM,2014,N,T,TO,75.7,11.2,13.1
EM,2014,N,T,PU,74.1,11.7,14.2
EM,2014,N,T,PR,94.7,4.7,0.6
EM,2014,N,T,MU,75.8,18.7,5.5
EM,2014,N,T,FE,81.6,15.2,3.2
EM,2014,N,T,ES,73.9,11.6,14.5
EM,2014,N,R,TO,79.5,7.5,13
EM,2014,N,R,PU,79.1,7.6,13.3
EM,2014,N,R,PR,91.1,3.6,5.3
EM,2014,N,R,MU,90.9,0.6,8.5
EM,2014,N,R,FE,85.1,12.4,2.5
EM,2014,N,R,ES,78.9,7.5,13.6
EM,2014,N,U,TO,75.2,11.6,13.2
EM,2014,N,U,PU,73.5,12.2,14.3
EM,2014,N,U,PR,94.8,4.7,0.5
EM,2014,N,U,MU,64.9,31.8,3.3
EM,2014,N,U,FE,81,15.7,3.3
EM,2014,N,U,ES,73.4,12.1,14.5
EM,2014,NE,T,TO,79.1,11.6,9.3
EM,2014,NE,T,PU,77.3,12.4,10.3
EM,2014,NE,T,PR,93.6,5.6,0.8
EM,2014,NE,T,MU,77.6,6.7,15.7
EM,2014,NE,T,FE,82.3,14.6,3.1
EM,2014,NE,T,ES,77.2,12.4,10.4
EM,2014,NE,R,TO,80.7,9.1,10.2
EM,2014,NE,R,PU,80.3,9.3,10.4
EM,2014,NE,R,PR,89.3,4.9,5.8
EM,2014,NE,R,MU,78.6,7.1,14.3
EM,2014,NE,R,FE,85.2,11.7,3.1
EM,2014,NE,R,ES,80.2,9.3,10.5
EM,2014,NE,U,TO,79,11.8,9.2
EM,2014,NE,U,PU,77.1,12.6,10.3
EM,2014,NE,U,PR,93.7,5.6,0.7
EM,2014,NE,U,MU,76.8,6.4,16.8
EM,2014,NE,U,FE,82,14.9,3.1
EM,2014,NE,U,ES,77,12.6,10.4
EM,2014,SE,T,TO,83.1,11.6,5.3
EM,2014,SE,T,PU,81.2,12.6,6.2
EM,2014,SE,T,PR,94,5.7,0.3
EM,2014,SE,T,MU,85.2,11.7,3.1
EM,2014,SE,T,FE,86.1,12.6,1.3
EM,2014,SE,T,ES,81.1,12.6,6.3
EM,2014,SE,R,TO,89.9,6.6,3.5
EM,2014,SE,R,PU,89.7,6.7,3.6
EM,2014,SE,R,PR,93.5,4.7,1.8
EM,2014,SE,R,MU,86.4,9.4,4.2
EM,2014,SE,R,FE,86.3,12.2,1.5
EM,2014,SE,R,ES,90.1,6.1,3.8
EM,2014,SE,U,TO,83,11.7,5.3
EM,2014,SE,U,PU,81.1,12.7,6.2
EM,2014,SE,U,PR,94,5.7,0.3
EM,2014,SE,U,MU,85.2,11.8,3
EM,2014,SE,U,FE,86.1,12.7,1.2
EM,2014,SE,U,ES,81,12.7,6.3
EM,2014,S,T,TO,78.9,13.9,7.2
EM,2014,S,T,PU,76.7,15.2,8.1
EM,2014,S,T,PR,94.6,5,0.4
EM,2014,S,T,MU,70.4,16.8,12.8
EM,2014,S,T,FE,86.9,10.3,2.8
EM,2014,S,T,ES,76.5,15.3,8.2
EM,2014,S,R,TO,84.9,8.8,6.3
EM,2014,S,R,PU,84.7,8.9,6.4
EM,2014,S,R,PR,91.2,7.1,1.7
EM,2014,S,R,MU,82.3,11.5,6.2
EM,2014,S,R,FE,84.5,11.3,4.2
EM,2014,S,R,ES,84.8,8.6,6.6
EM,2014,S,U,TO,78.7,14.1,7.2
EM,2014,S,U,PU,76.4,15.5,8.1
EM,2014,S,U,PR,94.7,5,0.3
EM,2014,S,U,MU,69,17.5,13.5
EM,2014,S,U,FE,87.3,10.2,2.5
EM,2014,S,U,ES,76.2,15.6,8.2
EM,2014,CO,T,TO,77.4,14.8,7.8
EM,2014,CO,T,PU,74.6,16.4,9
EM,2014,CO,T,PR,94.5,5,0.5
EM,2014,CO,T,MU,87,10.1,2.9
EM,2014,CO,T,FE,86.7,11.3,2
EM,2014,CO,T,ES,74.3,16.6,9.1
EM,2014,CO,R,TO,78.3,13.5,8.2
EM,2014,CO,R,PU,77.6,13.9,8.5
EM,2014,CO,R,PR,94,4.7,1.3
EM,2014,CO,R,MU,89.2,4.9,5.9
EM,2014,CO,R,FE,83.4,13.5,3.1
EM,2014,CO,R,ES,76.7,14.1,9.2
EM,2014,CO,U,TO,77.4,14.9,7.7
EM,2014,CO,U,PU,74.4,16.6,9
EM,2014,CO,U,PR,94.5,5.1,0.4
EM,2014,CO,U,MU,85.5,13.6,0.9
EM,2014,CO,U,FE,87.9,10.6,1.5
EM,2014,CO,U,ES,74.1,16.7,9.2
EF1,2013,N,T,TO,88.6,8.8,2.6
EF1,2013,N,T,PU,87.8,9.4,2.8
EF1,2013,N,T,PR,98.1,1.5,0.4
EF1,2013,N,T,MU,87,10,3
EF1,2013,N,T,FE,95.3,4.7,0
EF1,2013,N,T,ES,90.7,7.4,1.9
EF1,2013,N,R,TO,83.9,11.8,4.3
EF1,2013,N,R,PU,83.8,11.8,4.4
EF1,2013,N,R,PR,90.1,8.4,1.5
EF1,2013,N,R,MU,83.7,11.9,4.4
EF1,2013,N,R,FE,,,
EF1,2013,N,R,ES,85.4,10.9,3.7
EF1,2013,N,U,TO,90.8,7.5,1.7
EF1,2013,N,U,PU,89.9,8.2,1.9
EF1,2013,N,U,PR,98.2,1.5,0.3
EF1,2013,N,U,MU,89.2,8.7,2.1
EF1,2013,N,U,FE,95.3,4.7,0
EF1,2013,N,U,ES,91.6,6.8,1.6
EF1,2013,NE,T,TO,89.6,8.3,2.1
EF1,2013,NE,T,PU,88,9.6,2.4
EF1,2013,NE,T,PR,97.3,2.3,0.4
EF1,2013,NE,T,MU,88.1,9.5,2.4
EF1,2013,NE,T,FE,97.8,1.9,0.3
EF1,2013,NE,T,ES,85.7,10.9,3.4
EF1,2013,NE,R,TO,88.4,9.4,2.2
EF1,2013,NE,R,PU,88.3,9.5,2.2
EF1,2013,NE,R,PR,95,4.2,0.8
EF1,2013,NE,R,MU,88.4,9.4,2.2
EF1,2013,NE,R,FE,90.4,7.7,1.9
EF1,2013,NE,R,ES,83.7,11.7,4.6
EF1,2013,NE,U,TO,90.2,7.8,2
EF1,2013,NE,U,PU,87.8,9.6,2.6
EF1,2013,NE,U,PR,97.3,2.3,0.4
EF1,2013,NE,U,MU,87.9,9.6,2.5
EF1,2013,NE,U,FE,99,1,0
EF1,2013,NE,U,ES,86.1,10.8,3.1
EF1,2013,SE,T,TO,95.7,3.9,0.4
EF1,2013,SE,T,PU,95.1,4.4,0.5
EF1,2013,SE,T,PR,97.8,2,0.2
EF1,2013,SE,T,MU,94.1,5.4,0.5
EF1,2013,SE,T,FE,95.2,4.6,0.2
EF1,2013,SE,T,ES,98.4,1.2,0.4
EF1,2013,SE,R,TO,94.1,5.3,0.6
EF1,2013,SE,R,PU,94.1,5.3,0.6
EF1,2013,SE,R,PR,96.1,3.5,0.4
EF1,2013,SE,R,MU,93.7,5.8,0.5
EF1,2013,SE,R,FE,,,
EF1,2013,SE,R,ES,97.8,1.7,0.5
EF1,2013,SE,U,TO,95.8,3.8,0.4
EF1,2013,SE,U,PU,95.2,4.3,0.5
EF1,2013,SE,U,PR,97.8,2,0.2
EF1,2013,SE,U,MU,94.2,5.3,0.5
EF1,2013,SE,U,FE,95.2,4.6,0.2
EF1,2013,SE,U,ES,98.4,1.1,0.5
EF1,2013,S,T,TO,94.4,5.4,0.2
EF1,2013,S,T,PU,93.8,5.9,0.3
EF1,2013,S,T,PR,98.5,1.4,0.1
EF1,2013,S,T,MU,94,5.7,0.3
EF1,2013,S,T,FE,98.4,1.6,0
EF1,2013,S,T,ES,93.1,6.5,0.4
EF1,2013,S,R,TO,94.1,5.5,0.4
EF1,2013,S,R,PU,94.1,5.5,0.4
EF1,2013,S,R,PR,97.2,1.9,0.9
EF1,2013,S,R,MU,94.3,5.4,0.3
EF1,2013,S,R,FE,,,
EF1,2013,S,R,ES,93.2,6,0.8
EF1,2013,S,U,TO,94.4,5.3,0.3
EF1,2013,S,U,PU,93.7,6,0.3
EF1,2013,S,U,PR,98.5,1.4,0.1
EF1,2013,S,U,MU,93.9,5.8,0.3
EF1,2013,S,U,FE,98.4,1.6,0
EF1,2013,S,U,ES,93.1,6.5,0.4
EF1,2013,CO,T,TO,94.7,4.7,0.6
EF1,2013,CO,T,PU,93.9,5.4,0.7
EF1,2013,CO,T,PR,98.9,1,0.1
EF1,2013,CO,T,MU,93.7,5.5,0.8
EF1,2013,CO,T,FE,91.2,8.8,0
EF1,2013,CO,T,ES,94.2,5.4,0.4
EF1,2013,CO,R,TO,92,6.7,1.3
EF1,2013,CO,R,PU,91.9,6.8,1.3
EF1,2013,CO,R,PR,98,1.7,0.3
EF1,2013,CO,R,MU,91.1,7.3,1.6
EF1,2013,CO,R,FE,,,
EF1,2013,CO,R,ES,94.5,5,0.5
EF1,2013,CO,U,TO,95,4.5,0.5
EF1,2013,CO,U,PU,94.1,5.3,0.6
EF1,2013,CO,U,PR,98.9,1,0.1
EF1,2013,CO,U,MU,94.1,5.2,0.7
EF1,2013,CO,U,FE,91.2,8.8,0
EF1,2013,CO,U,ES,94.1,5.4,0.5
EF2,2013,N,T,TO,81.7,12.4,2.6
EF2,2013,N,T,PU,80.6,13,2.8
EF2,2013,N,T,PR,94.9,4.8,0.4
EF2,2013,N,T,MU,80.8,12.1,3
EF2,2013,N,T,FE,86.1,13.9,0
EF2,2013,N,T,ES,80.4,13.9,1.9
EF2,2013,N,R,TO,82.4,9.6,4.3
EF2,2013,N,R,PU,82.3,9.6,4.4
EF2,2013,N,R,PR,91.8,6.1,1.5
EF2,2013,N,R,MU,82.3,9.3,4.4
EF2,2013,N,R,FE,,,
EF2,2013,N,R,ES,82.3,10.5,3.7
EF2,2013,N,U,TO,81.5,13.2,1.7
EF2,2013,N,U,PU,80.1,14.1,1.9
EF2,2013,N,U,PR,94.9,4.8,0.3
EF2,2013,N,U,MU,79.9,13.9,2.1
EF2,2013,N,U,FE,86.1,13.9,0
EF2,2013,N,U,ES,80.2,14.3,1.6
EF2,2013,NE,T,TO,79.6,14.7,2.1
EF2,2013,NE,T,PU,77.5,16.1,2.4
EF2,2013,NE,T,PR,93.7,5.9,0.4
EF2,2013,NE,T,MU,78.4,15.2,2.4
EF2,2013,NE,T,FE,90.9,8.9,0.3
EF2,2013,NE,T,ES,75.2,18.5,3.4
EF2,2013,NE,R,TO,80.9,12.9,2.2
EF2,2013,NE,R,PU,80.8,13,2.2
EF2,2013,NE,R,PR,91.4,6.4,0.8
EF2,2013,NE,R,MU,80.9,12.9,2.2
EF2,2013,NE,R,FE,97.9,2.1,1.9
EF2,2013,NE,R,ES,80.1,13.8,4.6
EF2,2013,NE,U,TO,79.3,15.2,2
EF2,2013,NE,U,PU,76.5,17,2.6
EF2,2013,NE,U,PR,93.7,5.9,0.4
EF2,2013,NE,U,MU,77.2,16.2,2.5
EF2,2013,NE,U,FE,90.7,9.1,0
EF2,2013,NE,U,ES,75,18.7,3.1
EF2,2013,SE,T,TO,89.9,8,0.4
EF2,2013,SE,T,PU,89,8.6,0.5
EF2,2013,SE,T,PR,94.7,5.2,0.2
EF2,2013,SE,T,MU,86.6,11.2,0.5
EF2,2013,SE,T,FE,90.1,9.7,0.2
EF2,2013,SE,T,ES,90.4,7.1,0.4
EF2,2013,SE,R,TO,89.3,8.5,0.6
EF2,2013,SE,R,PU,89.2,8.6,0.6
EF2,2013,SE,R,PR,94,5.4,0.4
EF2,2013,SE,R,MU,87.5,10.4,0.5
EF2,2013,SE,R,FE,,,
EF2,2013,SE,R,ES,91.5,6.2,0.5
EF2,2013,SE,U,TO,90,8,0.4
EF2,2013,SE,U,PU,89,8.6,0.5
EF2,2013,SE,U,PR,94.7,5.2,0.2
EF2,2013,SE,U,MU,86.6,11.3,0.5
EF2,2013,SE,U,FE,90.1,9.7,0.2
EF2,2013,SE,U,ES,90.3,7.1,0.5
EF2,2013,S,T,TO,83.6,14.1,0.2
EF2,2013,S,T,PU,82.2,15.3,0.3
EF2,2013,S,T,PR,95.8,4.1,0.1
EF2,2013,S,T,MU,83.8,14.4,0.3
EF2,2013,S,T,FE,90.5,9.5,0
EF2,2013,S,T,ES,81.6,15.7,0.4
EF2,2013,S,R,TO,87,10.8,0.4
EF2,2013,S,R,PU,86.9,10.8,0.4
EF2,2013,S,R,PR,91.3,8.6,0.9
EF2,2013,S,R,MU,86.6,11.5,0.3
EF2,2013,S,R,FE,,,
EF2,2013,S,R,ES,87.2,10.2,0.8
EF2,2013,S,U,TO,83.3,14.4,0.3
EF2,2013,S,U,PU,81.8,15.7,0.3
EF2,2013,S,U,PR,95.8,4.1,0.1
EF2,2013,S,U,MU,83.4,14.8,0.3
EF2,2013,S,U,FE,90.5,9.5,0
EF2,2013,S,U,ES,81.2,16.1,0.4
EF2,2013,CO,T,TO,88.5,9.1,0.6
EF2,2013,CO,T,PU,87.2,10,0.7
EF2,2013,CO,T,PR,95.8,4,0.1
EF2,2013,CO,T,MU,87.5,9.7,0.8
EF2,2013,CO,T,FE,92.5,7.5,0
EF2,2013,CO,T,ES,87,10.1,0.4
EF2,2013,CO,R,TO,88.9,7.7,1.3
EF2,2013,CO,R,PU,88.7,7.8,1.3
EF2,2013,CO,R,PR,98.2,1.8,0.3
EF2,2013,CO,R,MU,87.8,8.1,1.6
EF2,2013,CO,R,FE,,,
EF2,2013,CO,R,ES,90.2,7.5,0.5
EF2,2013,CO,U,TO,88.5,9.2,0.5
EF2,2013,CO,U,PU,87,10.2,0.6
EF2,2013,CO,U,PR,95.8,4,0.1
EF2,2013,CO,U,MU,87.5,10,0.7
EF2,2013,CO,U,FE,92.5,7.5,0
EF2,2013,CO,U,ES,86.8,10.2,0.5
EM,2013,N,T,TO,75.4,11.2,13.4
EM,2013,N,T,PU,73.9,11.7,14.4
EM,2013,N,T,PR,94.2,5,0.8
EM,2013,N,T,MU,78.2,20,1.8
EM,2013,N,T,FE,83.3,13.4,3.3
EM,2013,N,T,ES,73.7,11.7,14.6
EM,2013,N,R,TO,80,7.3,12.7
EM,2013,N,R,PU,79.7,7.4,12.9
EM,2013,N,R,PR,91.8,3.1,5.1
EM,2013,N,R,MU,93.3,3.6,3.1
EM,2013,N,R,FE,85.4,13.9,0.7
EM,2013,N,R,ES,79.5,7.2,13.3
EM,2013,N,U,TO,74.9,11.6,13.5
EM,2013,N,U,PU,73.2,12.2,14.6
EM,2013,N,U,PR,94.3,5.1,0.6
EM,2013,N,U,MU,56.5,43.5,0
EM,2013,N,U,FE,82.9,13.3,3.8
EM,2013,N,U,ES,73,12.2,14.8
EM,2013,NE,T,TO,79.3,11,9.7
EM,2013,NE,T,PU,77.6,11.6,10.8
EM,2013,NE,T,PR,93.4,5.7,0.9
EM,2013,NE,T,MU,78.4,6.1,15.5
EM,2013,NE,T,FE,80.7,15.6,3.7
EM,2013,NE,T,ES,77.5,11.6,10.9
EM,2013,NE,R,TO,80.7,8.4,10.9
EM,2013,NE,R,PU,80.4,8.6,11
EM,2013,NE,R,PR,89.7,3.6,6.7
EM,2013,NE,R,MU,82,5.8,12.2
EM,2013,NE,R,FE,84.3,10.4,5.3
EM,2013,NE,R,ES,80,8.6,11.4
EM,2013,NE,U,TO,79.3,11.1,9.6
EM,2013,NE,U,PU,77.4,11.8,10.8
EM,2013,NE,U,PR,93.5,5.8,0.7
EM,2013,NE,U,MU,75.8,6.3,17.9
EM,2013,NE,U,FE,80.1,16.4,3.5
EM,2013,NE,U,ES,77.4,11.7,10.9
EM,2013,SE,T,TO,82.6,11.5,5.9
EM,2013,SE,T,PU,80.7,12.4,6.9
EM,2013,SE,T,PR,93.7,6,0.3
EM,2013,SE,T,MU,84.7,11.2,4.1
EM,2013,SE,T,FE,86.7,11.6,1.7
EM,2013,SE,T,ES,80.6,12.4,7
EM,2013,SE,R,TO,88.5,6.9,4.6
EM,2013,SE,R,PU,88.3,7,4.7
EM,2013,SE,R,PR,92.5,5.5,2
EM,2013,SE,R,MU,82.3,11.1,6.6
EM,2013,SE,R,FE,84.5,14.3,1.2
EM,2013,SE,R,ES,88.8,6.3,4.9
EM,2013,SE,U,TO,82.5,11.5,6
EM,2013,SE,U,PU,80.6,12.5,6.9
EM,2013,SE,U,PR,93.7,6,0.3
EM,2013,SE,U,MU,84.8,11.2,4
EM,2013,SE,U,FE,87,11.3,1.7
EM,2013,SE,U,ES,80.4,12.6,7
EM,2013,S,T,TO,78.7,13.8,7.5
EM,2013,S,T,PU,76.4,15.1,8.5
EM,2013,S,T,PR,94.6,5.1,0.3
EM,2013,S,T,MU,67,19.2,13.8
EM,2013,S,T,FE,85.9,12.2,1.9
EM,2013,S,T,ES,76.3,15.1,8.6
EM,2013,S,R,TO,84.9,9.2,5.9
EM,2013,S,R,PU,84.7,9.3,6
EM,2013,S,R,PR,93.1,6.4,0.5
EM,2013,S,R,MU,85.9,8,6.1
EM,2013,S,R,FE,85.3,11.2,3.5
EM,2013,S,R,ES,84.6,9.2,6.2
EM,2013,S,U,TO,78.5,14,7.5
EM,2013,S,U,PU,76.1,15.3,8.6
EM,2013,S,U,PR,94.6,5.1,0.3
EM,2013,S,U,MU,64.9,20.4,14.7
EM,2013,S,U,FE,86.1,12.4,1.5
EM,2013,S,U,ES,76,15.3,8.7
EM,2013,CO,T,TO,77.6,14,8.4
EM,2013,CO,T,PU,74.8,15.5,9.7
EM,2013,CO,T,PR,94.3,5.2,0.5
EM,2013,CO,T,MU,83.5,12.3,4.2
EM,2013,CO,T,FE,83.6,14.3,2.1
EM,2013,CO,T,ES,74.6,15.5,9.9
EM,2013,CO,R,TO,78.9,11.8,9.3
EM,2013,CO,R,PU,78.2,12.2,9.6
EM,2013,CO,R,PR,96.5,2.7,0.8
EM,2013,CO,R,MU,85.4,7.3,7.3
EM,2013,CO,R,FE,80.2,16.3,3.5
EM,2013,CO,R,ES,77.8,11.7,10.5
EM,2013,CO,U,TO,77.6,14.1,8.3
EM,2013,CO,U,PU,74.6,15.6,9.8
EM,2013,CO,U,PR,94.3,5.2,0.5
EM,2013,CO,U,MU,81.9,16.3,1.8
EM,2013,CO,U,FE,84.7,13.6,1.7
EM,2013,CO,U,ES,74.5,15.7,9.8
EF1,2011,N,T,TO,87,9.7,3.3
EF1,2011,N,T,PU,86.2,10.3,3.5
EF1,2011,N,T,PR,97.7,1.9,0.4
EF1,2011,N,T,MU,85.2,10.9,3.9
EF1,2011,N,T,FE,97.4,2.6,0
EF1,2011,N,T,ES,89.6,8,2.4
EF1,2011,N,R,TO,82.3,12.3,5.4
EF1,2011,N,R,PU,82.3,12.3,5.4
EF1,2011,N,R,PR,91.8,7.2,1
EF1,2011,N,R,MU,82.2,12.3,5.5
EF1,2011,N,R,FE,,,
EF1,2011,N,R,ES,83.4,11.9,4.7
EF1,2011,N,U,TO,89.3,8.4,2.3
EF1,2011,N,U,PU,88.4,9.1,2.5
EF1,2011,N,U,PR,97.8,1.8,0.4
EF1,2011,N,U,MU,87.4,9.9,2.7
EF1,2011,N,U,FE,97.4,2.6,0
EF1,2011,N,U,ES,90.7,7.4,1.9
EF1,2011,NE,T,TO,87.5,9.9,2.6
EF1,2011,NE,T,PU,85.8,11.2,3
EF1,2011,NE,T,PR,97,2.5,0.5
EF1,2011,NE,T,MU,86,11.1,2.9
EF1,2011,NE,T,FE,91.7,2.2,6.1
EF1,2011,NE,T,ES,83.5,12.4,4.1
EF1,2011,NE,R,TO,85.8,11.3,2.9
EF1,2011,NE,R,PU,85.8,11.4,2.8
EF1,2011,NE,R,PR,94.1,5.2,0.7
EF1,2011,NE,R,MU,85.9,11.3,2.8
EF1,2011,NE,R,FE,95.2,4.8,0
EF1,2011,NE,R,ES,81.2,13.4,5.4
EF1,2011,NE,U,TO,88.3,9.2,2.5
EF1,2011,NE,U,PU,85.9,11,3.1
EF1,2011,NE,U,PR,97.1,2.5,0.4
EF1,2011,NE,U,MU,86.1,10.9,3
EF1,2011,NE,U,FE,91.1,1.7,7.2
EF1,2011,NE,U,ES,83.8,12.3,3.9
EF1,2011,SE,T,TO,94.6,4.8,0.6
EF1,2011,SE,T,PU,94,5.4,0.6
EF1,2011,SE,T,PR,98,1.9,0.1
EF1,2011,SE,T,MU,92.9,6.5,0.6
EF1,2011,SE,T,FE,94.2,5.5,0.3
EF1,2011,SE,T,ES,97.3,2.2,0.5
EF1,2011,SE,R,TO,92.1,7.2,0.7
EF1,2011,SE,R,PU,92.1,7.2,0.7
EF1,2011,SE,R,PR,95.8,4,0.2
EF1,2011,SE,R,MU,91.5,7.8,0.7
EF1,2011,SE,R,FE,,,
EF1,2011,SE,R,ES,96.6,2.7,0.7
EF1,2011,SE,U,TO,94.8,4.7,0.5
EF1,2011,SE,U,PU,94.1,5.2,0.7
EF1,2011,SE,U,PR,98,1.9,0.1
EF1,2011,SE,U,MU,93,6.4,0.6
EF1,2011,SE,U,FE,94.2,5.5,0.3
EF1,2011,SE,U,ES,97.3,2.2,0.5
EF1,2011,S,T,TO,93.8,5.9,0.3
EF1,2011,S,T,PU,93.2,6.4,0.4
EF1,2011,S,T,PR,98.4,1.6,0
EF1,2011,S,T,MU,93.3,6.4,0.3
EF1,2011,S,T,FE,97.3,2.2,0.5
EF1,2011,S,T,ES,92.9,6.5,0.6
EF1,2011,S,R,TO,93.3,6.3,0.4
EF1,2011,S,R,PU,93.3,6.3,0.4
EF1,2011,S,R,PR,91.7,7.8,0.5
EF1,2011,S,R,MU,93.4,6.3,0.3
EF1,2011,S,R,FE,,,
EF1,2011,S,R,ES,92.6,6.3,1.1
EF1,2011,S,U,TO,93.8,5.8,0.4
EF1,2011,S,U,PU,93.2,6.4,0.4
EF1,2011,S,U,PR,98.4,1.5,0.1
EF1,2011,S,U,MU,93.3,6.4,0.3
EF1,2011,S,U,FE,97.3,2.2,0.5
EF1,2011,S,U,ES,93,6.5,0.5
EF1,2011,CO,T,TO,92.8,6.4,0.8
EF1,2011,CO,T,PU,91.7,7.3,1
EF1,2011,CO,T,PR,98.6,1.3,0.1
EF1,2011,CO,T,MU,91.6,7.2,1.2
EF1,2011,CO,T,FE,95.4,4.6,0
EF1,2011,CO,T,ES,91.8,7.5,0.7
EF1,2011,CO,R,TO,89.9,8.4,1.7
EF1,2011,CO,R,PU,89.9,8.4,1.7
EF1,2011,CO,R,PR,92.3,7.1,0.6
EF1,2011,CO,R,MU,89.1,8.9,2
EF1,2011,CO,R,FE,,,
EF1,2011,CO,R,ES,92.3,6.9,0.8
EF1,2011,CO,U,TO,93,6.2,0.8
EF1,2011,CO,U,PU,91.9,7.2,0.9
EF1,2011,CO,U,PR,98.6,1.2,0.2
EF1,2011,CO,U,MU,92,7,1
EF1,2011,CO,U,FE,95.4,4.6,0
EF1,2011,CO,U,ES,91.8,7.6,0.6
EF2,2011,N,T,TO,81.7,11.9,6.4
EF2,2011,N,T,PU,80.7,12.4,6.9
EF2,2011,N,T,PR,94.9,4.8,0.3
EF2,2011,N,T,MU,81.1,11,7.9
EF2,2011,N,T,FE,87.7,12.1,0.2
EF2,2011,N,T,ES,80.4,13.8,5.8
EF2,2011,N,R,TO,81.9,9.4,8.7
EF2,2011,N,R,PU,81.9,9.4,8.7
EF2,2011,N,R,PR,93.7,4.8,1.5
EF2,2011,N,R,MU,82.1,9,8.9
EF2,2011,N,R,FE,,,
EF2,2011,N,R,ES,81.2,11,7.8
EF2,2011,N,U,TO,81.6,12.7,5.7
EF2,2011,N,U,PU,80.4,13.4,6.2
EF2,2011,N,U,PR,94.9,4.8,0.3
EF2,2011,N,U,MU,80.4,12.3,7.3
EF2,2011,N,U,FE,87.7,12.1,0.2
EF2,2011,N,U,ES,80.3,14.1,5.6
EF2,2011,NE,T,TO,77.7,15.3,7
EF2,2011,NE,T,PU,75.7,16.5,7.8
EF2,2011,NE,T,PR,93.3,6.2,0.5
EF2,2011,NE,T,MU,77,15.3,7.7
EF2,2011,NE,T,FE,91.9,8.1,0
EF2,2011,NE,T,ES,72.9,19,8.1
EF2,2011,NE,R,TO,79.5,13.1,7.4
EF2,2011,NE,R,PU,79.5,13.2,7.3
EF2,2011,NE,R,PR,92.4,7.3,0.3
EF2,2011,NE,R,MU,79.6,13.1,7.3
EF2,2011,NE,R,FE,98,2,0
EF2,2011,NE,R,ES,77.4,14.2,8.4
EF2,2011,NE,U,TO,77.2,15.9,6.9
EF2,2011,NE,U,PU,74.5,17.5,8
EF2,2011,NE,U,PR,93.3,6.2,0.5
EF2,2011,NE,U,MU,75.7,16.3,8
EF2,2011,NE,U,FE,91.7,8.3,0
EF2,2011,NE,U,ES,72.7,19.3,8
EF2,2011,SE,T,TO,87.6,10,2.4
EF2,2011,SE,T,PU,86.4,10.8,2.8
EF2,2011,SE,T,PR,94.7,5.2,0.1
EF2,2011,SE,T,MU,86.1,11.7,2.2
EF2,2011,SE,T,FE,88.4,11.5,0.1
EF2,2011,SE,T,ES,86.6,10.4,3
EF2,2011,SE,R,TO,86.8,10.4,2.8
EF2,2011,SE,R,PU,86.6,10.5,2.9
EF2,2011,SE,R,PR,92.2,6.6,1.2
EF2,2011,SE,R,MU,85.2,12.1,2.7
EF2,2011,SE,R,FE,,,
EF2,2011,SE,R,ES,88.5,8.4,3.1
EF2,2011,SE,U,TO,87.6,10,2.4
EF2,2011,SE,U,PU,86.4,10.8,2.8
EF2,2011,SE,U,PR,94.7,5.1,0.2
EF2,2011,SE,U,MU,86.1,11.6,2.3
EF2,2011,SE,U,FE,88.4,11.5,0.1
EF2,2011,SE,U,ES,86.6,10.4,3
EF2,2011,S,T,TO,83.5,14,2.5
EF2,2011,S,T,PU,82.2,15,2.8
EF2,2011,S,T,PR,95.6,4.3,0.1
EF2,2011,S,T,MU,83.5,14.5,2
EF2,2011,S,T,FE,91.8,8.2,0
EF2,2011,S,T,ES,81.6,15.2,3.2
EF2,2011,S,R,TO,85.9,11.5,2.6
EF2,2011,S,R,PU,85.9,11.5,2.6
EF2,2011,S,R,PR,88.7,10.9,0.4
EF2,2011,S,R,MU,85.1,12.8,2.1
EF2,2011,S,R,FE,,,
EF2,2011,S,R,ES,86.5,10.6,2.9
EF2,2011,S,U,TO,83.3,14.2,2.5
EF2,2011,S,U,PU,81.8,15.3,2.9
EF2,2011,S,U,PR,95.6,4.3,0.1
EF2,2011,S,U,MU,83.3,14.7,2
EF2,2011,S,U,FE,91.8,8.2,0
EF2,2011,S,U,ES,81.3,15.5,3.2
EF2,2011,CO,T,TO,85.3,11.2,3.5
EF2,2011,CO,T,PU,83.6,12.3,4.1
EF2,2011,CO,T,PR,95.1,4.7,0.2
EF2,2011,CO,T,MU,85.1,10.4,4.5
EF2,2011,CO,T,FE,93.4,6.5,0.1
EF2,2011,CO,T,ES,82.9,13.2,3.9
EF2,2011,CO,R,TO,86,9.4,4.6
EF2,2011,CO,R,PU,85.8,9.5,4.7
EF2,2011,CO,R,PR,96.3,3.2,0.5
EF2,2011,CO,R,MU,86,9,5
EF2,2011,CO,R,FE,,,
EF2,2011,CO,R,ES,85.6,10.4,4
EF2,2011,CO,U,TO,85.2,11.4,3.4
EF2,2011,CO,U,PU,83.4,12.6,4
EF2,2011,CO,U,PR,95.1,4.7,0.2
EF2,2011,CO,U,MU,85,10.7,4.3
EF2,2011,CO,U,FE,93.4,6.5,0.1
EF2,2011,CO,U,ES,82.8,13.4,3.8
EM,2011,N,T,TO,75.4,10.7,13.9
EM,2011,N,T,PU,73.9,11.1,15
EM,2011,N,T,PR,93.6,5.8,0.6
EM,2011,N,T,MU,68.7,19.9,11.4
EM,2011,N,T,FE,82.1,14.3,3.6
EM,2011,N,T,ES,73.8,11,15.2
EM,2011,N,R,TO,79.3,6.9,13.8
EM,2011,N,R,PU,78.9,7,14.1
EM,2011,N,R,PR,92.3,3.8,3.9
EM,2011,N,R,MU,83.6,2.2,14.2
EM,2011,N,R,FE,87.1,10.3,2.6
EM,2011,N,R,ES,78.6,7,14.4
EM,2011,N,U,TO,75,11.1,13.9
EM,2011,N,U,PU,73.4,11.5,15.1
EM,2011,N,U,PR,93.7,5.9,0.4
EM,2011,N,U,MU,32.9,62.5,4.6
EM,2011,N,U,FE,81.3,14.9,3.8
EM,2011,N,U,ES,73.3,11.5,15.2
EM,2011,NE,T,TO,76.3,10.4,13.3
EM,2011,NE,T,PU,74.3,10.9,14.8
EM,2011,NE,T,PR,92.9,6.3,0.8
EM,2011,NE,T,MU,77.4,6,16.6
EM,2011,NE,T,FE,80.6,15.4,4
EM,2011,NE,T,ES,74.2,10.9,14.9
EM,2011,NE,R,TO,78.3,7.8,13.9
EM,2011,NE,R,PU,78.1,7.9,14
EM,2011,NE,R,PR,91.8,7.1,1.1
EM,2011,NE,R,MU,79.4,5.9,14.7
EM,2011,NE,R,FE,86,10.8,3.2
EM,2011,NE,R,ES,77.5,7.9,14.6
EM,2011,NE,U,TO,76.2,10.6,13.2
EM,2011,NE,U,PU,74.1,11.1,14.8
EM,2011,NE,U,PR,92.9,6.3,0.8
EM,2011,NE,U,MU,76.4,6.1,17.5
EM,2011,NE,U,FE,79.4,16.4,4.2
EM,2011,NE,U,ES,74,11.1,14.9
EM,2011,SE,T,TO,78.7,14.5,6.8
EM,2011,SE,T,PU,76.5,15.8,7.7
EM,2011,SE,T,PR,93.5,6.2,0.3
EM,2011,SE,T,MU,83.1,12.9,4
EM,2011,SE,T,FE,86.4,12.4,1.2
EM,2011,SE,T,ES,76.3,15.9,7.8
EM,2011,SE,R,TO,85.1,9.1,5.8
EM,2011,SE,R,PU,84.7,9.3,6
EM,2011,SE,R,PR,93.2,4.9,1.9
EM,2011,SE,R,MU,83.4,11.7,4.9
EM,2011,SE,R,FE,83.7,14.3,2
EM,2011,SE,R,ES,84.8,8.8,6.4
EM,2011,SE,U,TO,78.6,14.6,6.8
EM,2011,SE,U,PU,76.4,15.9,7.7
EM,2011,SE,U,PR,93.5,6.2,0.3
EM,2011,SE,U,MU,83.1,12.9,4
EM,2011,SE,U,FE,86.9,12.1,1
EM,2011,SE,U,ES,76.2,16,7.8
EM,2011,S,T,TO,77.7,14.4,7.9
EM,2011,S,T,PU,75.5,15.6,8.9
EM,2011,S,T,PR,94.1,5.5,0.4
EM,2011,S,T,MU,68.5,15.8,15.7
EM,2011,S,T,FE,84.5,13.2,2.3
EM,2011,S,T,ES,75.4,15.7,8.9
EM,2011,S,R,TO,85.4,9.1,5.5
EM,2011,S,R,PU,85.2,9.1,5.7
EM,2011,S,R,PR,92.7,7.2,0.1
EM,2011,S,R,MU,86.1,7.9,6
EM,2011,S,R,FE,87.3,10.3,2.4
EM,2011,S,R,ES,85,9.1,5.9
EM,2011,S,U,TO,77.4,14.6,8
EM,2011,S,U,PU,75.1,15.9,9
EM,2011,S,U,PR,94.1,5.5,0.4
EM,2011,S,U,MU,66.4,16.7,16.9
EM,2011,S,U,FE,84,13.7,2.3
EM,2011,S,U,ES,75,15.9,9.1
EM,2011,CO,T,TO,75.6,15.8,8.6
EM,2011,CO,T,PU,72.6,17.4,10
EM,2011,CO,T,PR,93.3,6.2,0.5
EM,2011,CO,T,MU,87.5,7.6,4.9
EM,2011,CO,T,FE,83.8,13.8,2.4
EM,2011,CO,T,ES,72.4,17.5,10.1
EM,2011,CO,R,TO,79.3,10.5,10.2
EM,2011,CO,R,PU,78.7,10.8,10.5
EM,2011,CO,R,PR,94.3,4.6,1.1
EM,2011,CO,R,MU,91.5,2,6.5
EM,2011,CO,R,FE,81.1,16.8,2.1
EM,2011,CO,R,ES,78.4,10.5,11.1
EM,2011,CO,U,TO,75.4,16,8.6
EM,2011,CO,U,PU,72.3,17.7,10
EM,2011,CO,U,PR,93.3,6.2,0.5
EM,2011,CO,U,MU,82.8,14.1,3.1
EM,2011,CO,U,FE,84.5,13.1,2.4
EM,2011,CO,U,ES,72.1,17.8,10.1
EF1,2009,N,R,ES,77,16.3,6.7
EF1,2009,N,R,FE,,,
EF1,2009,N,R,MU,72.5,19.6,7.9
EF1,2009,N,R,PR,81.3,15.3,3.4
EF1,2009,N,R,PU,72.9,19.3,7.8
EF1,2009,N,R,TO,72.9,19.3,7.8
EF1,2009,N,T,ES,85.7,10.4,3.9
EF1,2009,N,T,FE,96.6,3.3,0.1
EF1,2009,N,T,MU,78.3,16.2,5.5
EF1,2009,N,T,PR,97.1,2.3,0.6
EF1,2009,N,T,PU,80.1,14.8,5.1
EF1,2009,N,T,TO,81,14.1,4.9
EF1,2009,N,U,ES,87.1,9.4,3.5
EF1,2009,N,U,FE,96.6,3.3,0.1
EF1,2009,N,U,MU,82.7,13.5,3.8
EF1,2009,N,U,PR,97.3,2.1,0.6
EF1,2009,N,U,PU,84.2,12.2,3.6
EF1,2009,N,U,TO,85.3,11.3,3.4
EF1,2009,NE,R,ES,77.8,15.9,6.3
EF1,2009,NE,R,FE,100,0,0
EF1,2009,NE,R,MU,81,14.8,4.2
EF1,2009,NE,R,PR,89.7,8.7,1.6
EF1,2009,NE,R,PU,81,14.8,4.2
EF1,2009,NE,R,TO,81,14.8,4.2
EF1,2009,NE,T,ES,80.4,13.9,5.7
EF1,2009,NE,T,FE,98.6,1.4,0
EF1,2009,NE,T,MU,82,13.7,4.3
EF1,2009,NE,T,PR,96.7,2.7,0.6
EF1,2009,NE,T,PU,81.9,13.8,4.3
EF1,2009,NE,T,TO,83.6,12.4,4
EF1,2009,NE,U,ES,80.7,13.7,5.6
EF1,2009,NE,U,FE,97.8,2.2,0
EF1,2009,NE,U,MU,82.7,13,4.3
EF1,2009,NE,U,PR,96.8,2.7,0.5
EF1,2009,NE,U,PU,82.5,13.1,4.4
EF1,2009,NE,U,TO,85,11.2,3.8
EF1,2009,SE,R,ES,94.8,4,1.2
EF1,2009,SE,R,FE,,,
EF1,2009,SE,R,MU,87.6,11.2,1.2
EF1,2009,SE,R,PR,94.9,4.4,0.7
EF1,2009,SE,R,PU,88.6,10.3,1.1
EF1,2009,SE,R,TO,88.6,10.2,1.2
EF1,2009,SE,T,ES,95.8,3.4,0.8
EF1,2009,SE,T,FE,95.6,4.3,0.1
EF1,2009,SE,T,MU,91.1,8.1,0.8
EF1,2009,SE,T,PR,98.1,1.8,0.1
EF1,2009,SE,T,PU,92.4,6.7,0.9
EF1,2009,SE,T,TO,93.2,6.1,0.7
EF1,2009,SE,U,ES,95.9,3.4,0.7
EF1,2009,SE,U,FE,95.6,4.3,0.1
EF1,2009,SE,U,MU,91.4,7.7,0.9
EF1,2009,SE,U,PR,98.1,1.8,0.1
EF1,2009,SE,U,PU,92.7,6.4,0.9
EF1,2009,SE,U,TO,93.5,5.8,0.7
EF1,2009,S,R,ES,89.6,9.4,1
EF1,2009,S,R,FE,,,
EF1,2009,S,R,MU,91.9,7.7,0.4
EF1,2009,S,R,PR,92.8,6.1,1.1
EF1,2009,S,R,PU,91.5,8,0.5
EF1,2009,S,R,TO,91.5,8,0.5
EF1,2009,S,T,ES,90.9,8.6,0.5
EF1,2009,S,T,FE,98.2,1.8,0
EF1,2009,S,T,MU,92.2,7.3,0.5
EF1,2009,S,T,PR,98.2,1.6,0.2
EF1,2009,S,T,PU,91.9,7.7,0.4
EF1,2009,S,T,TO,92.5,7.1,0.4
EF1,2009,S,U,ES,91,8.5,0.5
EF1,2009,S,U,FE,98.2,1.8,0
EF1,2009,S,U,MU,92.3,7.3,0.4
EF1,2009,S,U,PR,98.2,1.6,0.2
EF1,2009,S,U,PU,91.9,7.6,0.5
EF1,2009,S,U,TO,92.6,7,0.4
EF1,2009,CO,R,ES,90.6,7.6,1.8
EF1,2009,CO,R,FE,,,
EF1,2009,CO,R,MU,86.4,10.7,2.9
EF1,2009,CO,R,PR,90.2,8.9,0.9
EF1,2009,CO,R,PU,87.5,9.9,2.6
EF1,2009,CO,R,TO,87.5,9.9,2.6
EF1,2009,CO,T,ES,91,7.7,1.3
EF1,2009,CO,T,FE,86.9,13.1,0
EF1,2009,CO,T,MU,89,9.1,1.9
EF1,2009,CO,T,PR,98.3,1.5,0.2
EF1,2009,CO,T,PU,89.7,8.6,1.7
EF1,2009,CO,T,TO,90.9,7.6,1.5
EF1,2009,CO,U,ES,91.1,7.7,1.2
EF1,2009,CO,U,FE,86.9,13.1,0
EF1,2009,CO,U,MU,89.4,8.9,1.7
EF1,2009,CO,U,PR,98.3,1.4,0.3
EF1,2009,CO,U,PU,90,8.4,1.6
EF1,2009,CO,U,TO,91.3,7.4,1.3
EF2,2009,N,R,ES,82.4,9,8.6
EF2,2009,N,R,FE,,,
EF2,2009,N,R,MU,79.8,9.1,11.1
EF2,2009,N,R,PR,91.3,6.6,2.1
EF2,2009,N,R,PU,80.3,9.1,10.6
EF2,2009,N,R,TO,80.4,9,10.6
EF2,2009,N,T,ES,77.9,14.6,7.5
EF2,2009,N,T,FE,91.3,8.5,0.2
EF2,2009,N,T,MU,78.5,11.8,9.7
EF2,2009,N,T,PR,95.1,4.6,0.3
EF2,2009,N,T,PU,78.2,13.3,8.5
EF2,2009,N,T,TO,79.2,12.8,8
EF2,2009,N,U,ES,77.5,15.1,7.4
EF2,2009,N,U,FE,91.3,8.5,0.2
EF2,2009,N,U,MU,77.7,13.4,8.9
EF2,2009,N,U,PR,95.1,4.5,0.4
EF2,2009,N,U,PU,77.6,14.5,7.9
EF2,2009,N,U,TO,78.9,13.7,7.4
EF2,2009,NE,R,ES,75,15.6,9.4
EF2,2009,NE,R,FE,86,14,0
EF2,2009,NE,R,MU,78.1,13.4,8.5
EF2,2009,NE,R,PR,90.1,9.1,0.8
EF2,2009,NE,R,PU,77.9,13.5,8.6
EF2,2009,NE,R,TO,77.9,13.5,8.6
EF2,2009,NE,T,ES,70.7,18.9,10.4
EF2,2009,NE,T,FE,91,8.8,0.2
EF2,2009,NE,T,MU,75,15.4,9.6
EF2,2009,NE,T,PR,93.3,6.2,0.5
EF2,2009,NE,T,PU,73.5,16.6,9.9
EF2,2009,NE,T,TO,75.5,15.6,8.9
EF2,2009,NE,U,ES,70.5,19,10.5
EF2,2009,NE,U,FE,91,8.7,0.3
EF2,2009,NE,U,MU,73.5,16.4,10.1
EF2,2009,NE,U,PR,93.3,6.2,0.5
EF2,2009,NE,U,PU,72.2,17.5,10.3
EF2,2009,NE,U,TO,74.8,16.1,9.1
EF2,2009,SE,R,ES,85.5,11,3.5
EF2,2009,SE,R,FE,,,
EF2,2009,SE,R,MU,83.1,13.3,3.6
EF2,2009,SE,R,PR,89.9,8.3,1.8
EF2,2009,SE,R,PU,84.1,12.3,3.6
EF2,2009,SE,R,TO,84.2,12.2,3.6
EF2,2009,SE,T,ES,84.9,11.7,3.4
EF2,2009,SE,T,FE,87,12.8,0.2
EF2,2009,SE,T,MU,82.3,14.8,2.9
EF2,2009,SE,T,PR,95,4.8,0.2
EF2,2009,SE,T,PU,84.1,12.7,3.2
EF2,2009,SE,T,TO,85.5,11.7,2.8
EF2,2009,SE,U,ES,84.9,11.7,3.4
EF2,2009,SE,U,FE,87,12.8,0.2
EF2,2009,SE,U,MU,82.3,14.9,2.8
EF2,2009,SE,U,PR,95,4.8,0.2
EF2,2009,SE,U,PU,84.1,12.8,3.1
EF2,2009,SE,U,TO,85.5,11.7,2.8
EF2,2009,S,R,ES,85.9,11.3,2.8
EF2,2009,S,R,FE,,,
EF2,2009,S,R,MU,83.9,14,2.1
EF2,2009,S,R,PR,95.1,4.7,0.2
EF2,2009,S,R,PU,85,12.5,2.5
EF2,2009,S,R,TO,85.1,12.4,2.5
EF2,2009,S,T,ES,80.6,15.9,3.5
EF2,2009,S,T,FE,89.9,10.1,0
EF2,2009,S,T,MU,82.1,15.7,2.2
EF2,2009,S,T,PR,95.7,4.1,0.2
EF2,2009,S,T,PU,81,15.8,3.2
EF2,2009,S,T,TO,82.2,14.8,3
EF2,2009,S,U,ES,80.2,16.2,3.6
EF2,2009,S,U,FE,89.9,10.1,0
EF2,2009,S,U,MU,81.8,16,2.2
EF2,2009,S,U,PR,95.8,4.1,0.1
EF2,2009,S,U,PU,80.6,16.2,3.2
EF2,2009,S,U,TO,82,15.1,2.9
EF2,2009,CO,R,ES,84.4,10.2,5.4
EF2,2009,CO,R,FE,,,
EF2,2009,CO,R,MU,83.8,10.5,5.7
EF2,2009,CO,R,PR,96,3.4,0.6
EF2,2009,CO,R,PU,84,10.4,5.6
EF2,2009,CO,R,TO,84.2,10.2,5.6
EF2,2009,CO,T,ES,80.8,13.2,6
EF2,2009,CO,T,FE,93.2,6.8,0
EF2,2009,CO,T,MU,83.2,11.7,5.1
EF2,2009,CO,T,PR,94.6,5.1,0.3
EF2,2009,CO,T,PU,81.6,12.7,5.7
EF2,2009,CO,T,TO,83.3,11.7,5
EF2,2009,CO,U,ES,80.6,13.3,6.1
EF2,2009,CO,U,FE,93.2,6.8,0
EF2,2009,CO,U,MU,83,12,5
EF2,2009,CO,U,PR,94.6,5.2,0.2
EF2,2009,CO,U,PU,81.3,12.9,5.8
EF2,2009,CO,U,TO,83.2,11.8,5
EM,2009,N,R,ES,78.8,5.1,16.1
EM,2009,N,R,FE,86.1,11.8,2.1
EM,2009,N,R,MU,80.3,1.5,18.2
EM,2009,N,R,PR,95.8,2.1,2.1
EM,2009,N,R,PU,79,5.2,15.8
EM,2009,N,R,TO,79.7,5.1,15.2
EM,2009,N,T,ES,71.5,10.9,17.6
EM,2009,N,T,FE,84.9,11.6,3.5
EM,2009,N,T,MU,70.1,12.9,17
EM,2009,N,T,PR,94,5.4,0.6
EM,2009,N,T,PU,71.6,10.9,17.5
EM,2009,N,T,TO,73,10.6,16.4
EM,2009,N,U,ES,71,11.3,17.7
EM,2009,N,U,FE,84.8,11.5,3.7
EM,2009,N,U,MU,58.1,26.2,15.7
EM,2009,N,U,PR,93.9,5.6,0.5
EM,2009,N,U,PU,71.2,11.3,17.5
EM,2009,N,U,TO,72.6,10.9,16.5
EM,2009,NE,R,ES,76.9,6.6,16.5
EM,2009,NE,R,FE,84.8,11.5,3.7
EM,2009,NE,R,MU,81.6,5.4,13
EM,2009,NE,R,PR,92.2,6.2,1.6
EM,2009,NE,R,PU,77.8,6.7,15.5
EM,2009,NE,R,TO,78.1,6.7,15.2
EM,2009,NE,T,ES,72.1,9.7,18.2
EM,2009,NE,T,FE,83.4,13.5,3.1
EM,2009,NE,T,MU,78.5,5.7,15.8
EM,2009,NE,T,PR,92.4,6.6,1
EM,2009,NE,T,PU,72.4,9.6,18
EM,2009,NE,T,TO,74.3,9.3,16.4
EM,2009,NE,U,ES,71.8,9.8,18.4
EM,2009,NE,U,FE,83.1,13.9,3
EM,2009,NE,U,MU,77.4,5.8,16.8
EM,2009,NE,U,PR,92.4,6.6,1
EM,2009,NE,U,PU,72.1,9.8,18.1
EM,2009,NE,U,TO,74.1,9.5,16.4
EM,2009,SE,R,ES,83.3,8.9,7.8
EM,2009,SE,R,FE,86.8,11.9,1.3
EM,2009,SE,R,MU,80.9,10.5,8.6
EM,2009,SE,R,PR,93.4,4.8,1.8
EM,2009,SE,R,PU,83.4,9.1,7.5
EM,2009,SE,R,TO,83.9,8.9,7.2
EM,2009,SE,T,ES,75.3,16.2,8.5
EM,2009,SE,T,FE,86.1,12.9,1
EM,2009,SE,T,MU,81.5,13.8,4.7
EM,2009,SE,T,PR,93.5,6.2,0.3
EM,2009,SE,T,PU,75.5,16.1,8.4
EM,2009,SE,T,TO,77.8,14.8,7.4
EM,2009,SE,U,ES,75.1,16.3,8.6
EM,2009,SE,U,FE,86.1,13.1,0.8
EM,2009,SE,U,MU,81.6,13.9,4.5
EM,2009,SE,U,PR,93.5,6.2,0.3
EM,2009,SE,U,PU,75.3,16.3,8.4
EM,2009,SE,U,TO,77.7,14.9,7.4
EM,2009,S,R,ES,84.2,8,7.8
EM,2009,S,R,FE,87.9,8.8,3.3
EM,2009,S,R,MU,83.9,7.2,8.9
EM,2009,S,R,PR,93.1,5.6,1.3
EM,2009,S,R,PU,84.4,8.1,7.5
EM,2009,S,R,TO,84.7,8,7.3
EM,2009,S,T,ES,74.3,15.3,10.4
EM,2009,S,T,FE,86.4,11.3,2.3
EM,2009,S,T,MU,68.2,13.7,18.1
EM,2009,S,T,PR,94.3,5.3,0.4
EM,2009,S,T,PU,74.4,15.2,10.4
EM,2009,S,T,TO,76.7,14.1,9.2
EM,2009,S,U,ES,74,15.5,10.5
EM,2009,S,U,FE,86,12,2
EM,2009,S,U,MU,66.7,14.2,19.1
